CW(GETID("CheckBoxDemo","SunAwtFrame"),0,0,202,170,0)
BTN(LEFT,DOWN,47,64,594)

BTN(LEFT,UP,47,64,94)

BTN(LEFT,CLICK,53,92,125)

BTN(LEFT,CLICK,56,106,10)

BTN(LEFT,DOWN,58,133,10)

BTN(LEFT,UP,60,134,78)

BTN(LEFT,DOWN,61,133,31)

BTN(LEFT,UP,61,132,10)

BTN(LEFT,CLICK,55,111,78)

BTN(LEFT,CLICK,56,86,141)

BTN(LEFT,CLICK,53,66,78)

BTN(LEFT,CLICK,52,88,297)

BTN(LEFT,CLICK,54,107,141)
MMV(54,107,10)
MMV(55,108,47)
MMV(55,110,15)
MMV(55,113,16)
MMV(55,115,16)
MMV(55,117,46)
MMV(55,118,47)
MMV(56,119,16)
MMV(56,120,31)
MMV(56,121,31)
MMV(59,125,16)
MMV(61,127,31)
MMV(62,128,16)
MMV(62,129,16)
MMV(62,130,31)
MMV(62,131,31)
MMV(62,132,109)
MMV(63,132,32)
BTN(LEFT,DOWN,63,132,10)
MMV(63,130,93)
BTN(LEFT,UP,63,130,10)
MMV(63,130,10)
MMV(63,124,16)
MMV(63,96,16)
MMV(63,87,31)
MMV(63,85,16)
MMV(63,82,15)
MMV(63,78,31)
MMV(63,74,16)
MMV(63,73,16)
MMV(64,72,31)
MMV(66,70,16)
MMV(66,66,15)
MMV(66,56,31)
MMV(66,54,16)
MMV(66,52,16)
MMV(66,50,31)
MMV(65,50,94)
MMV(65,51,62)
MMV(65,53,31)
MMV(65,54,10)
MMV(65,55,32)
MMV(64,56,15)
MMV(63,57,32)
MMV(63,58,15)
MMV(62,58,16)
MMV(61,59,47)
MMV(61,60,47)
BTN(LEFT,CLICK,61,60,31)
MMV(61,60,10)
MMV(61,59,31)
MMV(61,61,78)
MMV(62,63,16)
MMV(62,65,31)
MMV(62,66,16)
MMV(62,67,15)
MMV(61,70,32)
MMV(61,71,15)
MMV(61,73,47)
MMV(61,74,47)
MMV(61,76,16)
MMV(61,77,47)
MMV(61,78,31)
MMV(60,82,15)
MMV(60,83,32)
MMV(59,83,15)
MMV(58,83,16)
MMV(57,83,47)
BTN(LEFT,CLICK,57,83,172)
MMV(57,83,10)
MMV(57,84,16)
MMV(57,86,47)
MMV(57,87,16)
MMV(53,102,31)
MMV(49,124,31)
MMV(49,125,31)
MMV(49,126,47)
MMV(49,127,78)
MMV(48,126,172)
MMV(49,126,16)
MMV(48,124,15)
MMV(47,115,32)
MMV(47,114,15)
MMV(49,115,32)
MMV(49,114,62)
MMV(49,113,47)
MMV(49,112,16)
MMV(49,111,31)
BTN(LEFT,CLICK,49,111,62)
MMV(49,111,10)
MMV(49,112,63)
MMV(51,115,15)
MMV(51,118,16)
MMV(51,119,31)
MMV(52,120,16)
MMV(53,121,47)
MMV(54,124,15)
MMV(54,125,47)
MMV(54,126,47)
MMV(55,127,47)
MMV(56,128,16)
MMV(56,129,47)
MMV(56,130,109)
BTN(LEFT,CLICK,56,130,31)
MMV(56,130,10)
MMV(57,128,31)
MMV(56,123,15)
MMV(56,122,16)
MMV(52,102,16)
MMV(51,97,31)
MMV(51,89,16)
MMV(51,87,15)
MMV(53,84,31)
MMV(53,82,16)
MMV(53,81,16)
MMV(52,81,31)
MMV(52,80,16)
MMV(52,79,15)
MMV(52,78,16)
MMV(52,77,31)
MMV(52,76,16)
MMV(52,75,47)
MMV(52,74,15)
MMV(52,73,16)
MMV(52,72,31)
MMV(53,72,16)
MMV(57,68,15)
MMV(57,66,47)
BTN(LEFT,CLICK,57,66,110)
MMV(57,66,10)
MMV(59,72,94)
MMV(66,91,16)
MMV(98,149,15)
MMV(106,161,32)
MMV(145,206,15)
MMV(188,238,16)
MMV(270,269,31)
MMV(373,308,16)
MMV(430,326,15)
MMV(477,344,16)
MMV(532,366,16)
MMV(603,392,31)
MMV(684,420,15)
MMV(725,435,32)
MMV(785,454,15)
MMV(839,472,16)
MMV(859,479,16)
MMV(882,488,15)
MMV(894,493,31)
MMV(910,499,16)
MMV(926,510,16)
MMV(931,512,31)
MMV(934,514,16)
MMV(944,522,15)
MMV(956,529,31)
MMV(963,533,16)
MMV(973,538,31)
MMV(973,539,32)
MMV(974,540,10)
MMV(974,541,31)
MMV(976,543,15)
MMV(976,546,16)
MMV(977,550,31)
MMV(977,556,16)
MMV(977,558,16)
MMV(979,565,31)
MMV(980,567,15)
MMV(980,570,16)
MMV(980,571,31)
MMV(980,572,47)
MMV(980,573,16)
MMV(981,574,47)
MMV(981,576,15)
MMV(982,578,16)
MMV(982,579,31)
MMV(982,580,16)
MMV(983,582,15)
MMV(985,584,32)
MMV(986,585,15)
MMV(994,588,32)
MMV(995,588,31)
MMV(996,589,31)
MMV(999,591,16)
MMV(1000,593,15)
MMV(1000,594,47)
MMV(1000,596,31)
MMV(1000,597,94)
MMV(1000,598,47)
MMV(1000,599,156)

